  seg  demo fase epoca ronda vidas  faltan  enpant  puntos
  ---------------------------------------------------------
     2   255   255     0    FF     0       0       0   00FFFF
     4   255   255     0    FF     0       0       0   00FFFF
     6    0    0     0    00     0       0       0   000000
     8    0    0     0    00     0       0       0   000000
    10    0    0     1    01     3      25       0   000000
    12    0    1     1    01     3      25       0   000000
    14    0    1     1    01     3      25       0   000000
    16    0    1     1    01     3      25       0   000000
    18    0    1     1    01     3      25       0   000000
    20    0    1     1    01     3      25       0   000000
    22    0    1     1    01     3      25       1   000000
    24    0    1     1    01     3      24       3   000050
    26    0    1     1    01     3      24       4   000050
    28    0    1     1    01     3      23       3   000100
    30    0    1     1    01     3      23       3   000100
    32    0    1     1    01     2      23       0   000100
    34    0    1     1    01     2      23       0   000100
    36    0    1     1    01     2      23       1   000100
    38    0    1     1    01     2      23       2   000100
    40    0    1     1    01     2      21       0   000200
    42    0    1     1    01     2      21       1   000200
    44    0    1     1    01     2      19       0   000300
    46    0    1     1    01     2      19       2   000300
    48    0    1     1    01     2      18       2   000450
    50    0    1     1    01     2      15       0   000500
    52    0    1     1    01     2      15       1   000500
    54    0    1     1    01     2      14       1   000550
    56    0    1     1    01     2      12       0   000650
    58    0    1     1    01     2      12       1   000650
    60    0    1     1    01     2      12       2   000650
    62    0    1     1    01     2      11       1   000700
    64    0    1     1    01     2      11       2   000750
    66    0    1     1    01     2       9       1   000800
    68    0    1     1    01     2       9       4   000800
    70    0    1     1    01     2       9       4   000850
    72    0    1     1    01     2       8       3   000850
    74    0    1     1    01     2       8       2   000850
    76    0    1     1    01     2       8       3   001350
    78    0    1     1    01     2       8       2   001350
    80    0    1     1    01     2       7       1   001400
    82    0    1     1    01     2       6       1   001450
    84    0    1     1    01     2       6       3   001450
    86    0    1     1    01     2       5       2   001500
    88    0    1     1    01     2       3       2   001600
    90    0    1     1    01     2       2       2   001650
    92    0    1     1    01     2       1       1   001700
    94    0    1     1    01     2       0       1   001750
    96    0    1     1    01     2       4       1   001800
    98    0    1     1    01     2       3       1   001850
   100    0    1     1    01     2       3       2   001850
   102    0    1     1    01     2       2       2   002400
   104    0    1     1    01     2       2       2   002400
   106    0    1     1    01     2       2       3   002400
   108    0    1     1    01     2       2       4   002400
   110    0    1     1    01     2       1       4   002450
   112    0    1     1    01     2       1       1   002450
   114    0    1     1    01     2       1       1   002450
   116    0    1     1    01     1       1       0   002450
   118    0    1     1    01     1       1       0   002450
   120    0    1     1    01     1       1       1   002450
   122    0    1     1    01     1       0       1   002500
   124    0    1     1    01     1       0       1   002500
   126    0    1     1    01     1       0       2   002500
   128    0    1     1    01     1       0       2   002500
   130    0    1     1    01     1       0       1   002550
   132    0    1     1    01     1       0       0   003100
   134    0    0     1    01     1       0       0   003100
   136    0    0     1    01     1       0       0   004020
   138    0    0     2    02     1      25       0   004100
   140    0    1     2    02     1      25       0   004100
   142    0    1     2    02     1      25       0   004100
   144    0    1     2    02     1      25       0   004100
   146    0    1     2    02     1      25       1   004100
   148    0    1     2    02     1      24       1   004150
   150    0    1     2    02     1      22       0   004250
   152    0    1     2    02     1      22       1   004250
   154    0    1     2    02     1      21       1   004300
   156    0    1     2    02     1      21       1   004300
   158    0    1     2    02     1      20       0   004350
   160    0    1     2    02     1      19       0   004400
   162    0    1     2    02     1      19       2   004400
   164    0    1     2    02     1      19       3   004400
   166    0    0     2    02     0      19       5   000000
   168    0    0     2    02     0      19       5   000000
   170    1    0     2    02     1      19       5   000000
  ---- fin del replay en 170.2 s
